10001
23551
17368
12132
1173
21148
11174
10589
14827
6430
4720
13537
9358
123
17680
12951
29643
11540
8676
7112
26885
23346
14566
13576
17200
8143
20911
29481
11692
141
20256
29071
28063
26164
30278
31718
26558
5844
22013
27757
27928
27432
19480
23618
3957
28740
8502
26924
30420
4201
24307
24516
21663
5387
16240
28302
19182
3376
30423
10364
27385
13569
1454
29324
19493
15456
21094
22738
32227
27825
27463
3554
8638
20919
24010
9959
8746
3499
31764
10076
12114
23191
5757
105
5106
1119
14253
29136
6801
18388
27627
12597
17242
29940
24658
23985
10774
10468
14564
9804
29141
27741
23223
22641
27295
1322
9649
2680
26177
24240
4915
2026
11799
4688
20143
18028
2434
25432
25833
6274
16174
7191
19693
295
19853
30630
28177
15252
32668
2906
30440
2798
13198
14490
8319
6822
5468
32384
1530
25763
3811
26866
2212
28778
28227
5081
18087
17
24944
7864
29135
26459
11450
9799
6216
15238
23596
27254
5493
22824
26825
26813
24060
30829
17049
24574
13666
22166
16681
2831
2647
32600
7140
15529
9204
29169
10224
6990
15542
3929
17323
8021
11071
15103
16714
7579
25667
3461
6566
26344
10871
29041
20935
25411
32125
10507
14949
22548
16265
23675
11638
14675
7308
22356
24560
4651
28966
110
14259
27411
13691
7742
8921
26106
755
19230
14838
109
4278
16952
467
1042
16519
4067
3068
27883
30016
22627
20093
11519
22084
17033
27222
23668
20668
8036
24979
8437
15616
27668
9568
28242
28231
5937
14718
12227
15838
20340
22943
28143
28965
19349
9525
20753
25845
20756
9808
164
6350
32252
21751
24076
27501
25279
6460
23485
22942
10142
32228
4643
23613
20821
19842
15654
13996
27252
7537
6764
25881
20157
5036
6304
15767
13079
11437
19600
6330
31660
25244
6124
13340
10858
7942
20711
11476
12438
26857
12302
31093
3010
28765
8534
20743
20378
3136
16007
4927
6213
31979
13755
2421
5996
22039
3641
25568
5937
8243
10062
31462
20388
12876
18917
3325
20123
13599
16617
4204
13398
2827
4206
12924
3728
15865
12154
11826
4543
16753
2597
7138
21262
31518
7993
25921
16038
14869
26791
21194
28035
26766
26948
6370
11712
9671
12001
22618
955
9875
1175
28896
15401
12635
24649
31490
20646
26340
13328
10674
30520
11614
13749
7974
5709
13333
1154
30115
21305
23570
21713
6149
3667
31575
9727
17258
32376
1717
29412
28602
8096
27383
4285
8752
8775
29431
16275
987
19662
26883
29501
16554
24209
15840
30367
26394
32302
6796
1890
21855
3591
32134
28264
10058
4823
24970
21773
26726
1250
16372
15815
26758
14306
28339
14631
26422
14451
14739
1407
25934
30636
27725
29241
265
5714
2074
30591
22921
13452
27268
12965
857
27758
25285
10422
1326
14236
7294
18834
16267
23010
16992
20752
31583
18041
16330
9211
17267
22479
5284
12897
32705
4595
2562
7572
31216
13404
4167
24292
19705
5490
9723
16252
8938
13312
10610
11667
17631
12755
14369
2506
14379
11342
28080
25838
18531
4721
16277
20818
29197
24824
15742
8670
32010
8369
26864
2600
1594
29132
14682
29273
14175
31294
15064
19799
13668
24925
10070
11012
13923
23184
13599
16959
23961
4652
12589
12210
23099
30092
25184
7590
5765
3733
30544
13697
12177
661
3658
7482
2233
11447
22550
5288
16003
4567
31115
14916
21113
4278
9075
22923
28138
19880
21156
17802
27148
29733
13832
19209
22994
9197
19276
29944
19487
11784
7233
9988
8596
11482
11310
12497
28027
18814
10452
9989
18991
23216
25706
30470
14556
6847
2763
12146
4659
24453
16619
12938
9852
14784
30731
21273
16314
24951
23820
18926
13916
1179
24581
5596
15994
23322
5109
18580
9654
32504
31580
26854
31798
16251
9528
7486
25180
2142
22938
11835
23051
7916
14401
16181
15328
3175
15951
13953
29856
14164
7842
14417
23047
11338
28038
4232
31037
11115
11563
5660
6482
5357
22453
27961
17649
23207
14939
21879
1004
9412
27672
16997
30837
21069
21218
3979
29136
7903
25528
22255
6687
27099
25602
29597
26662
8698
22768
11563
7581
17937
13203
14201
27476
23221
24288
23671
10961
3308
24632
5919
5727
23806
18862
31414
30606
9233
5470
22329
26949
23828
30274
28935
13330
14147
6355
23611
18448
8045
12833
16936
26302
22631
25453
10335
32350
1820
21945
29312
28825
62
28089
14257
23212
29600
16617
4882
2072
4952
11162
16326
26965
26970
20001
24291
17432
3515
29384
15049
753
8551
7914
20935
27386
26914
15782
2039
32632
15798
31655
20103
989
11742
21242
8374
18845
2923
21559
4150
22504
22736
17589
31374
14375
5667
23167
26668
16003
15799
21201
6235
7433
22010
19481
607
24215
12870
17073
549
21906
1137
16636
30753
30202
8780
23931
19734
31146
5173
14145
17593
23876
7516
6258
32236
7742
8716
31492
26398
1399
27438
16150
20840
15144
20153
2672
27950
4891
26681
9731
10063
17021
23172
7081
3004
8079
3094
11942
7090
22523
12035
9674
5916
21985
24265
425
11005
23244
8983
17823
27069
591
15965
32758
889
13617
13130
17720
27145
6843
1279
2436
25589
28596
10288
29977
30898
631
22640
20183
11991
19768
7509
23253
2679
11981
19563
12222
30881
18429
28713
16614
22041
9864
25742
13578
13685
7793
16871
10206
29670
16503
32750
4499
29449
23274
20583
14889
25261
2130
25210
30119
20107
8582
4845
2140
444
1647
26380
19001
29239
11947
4504
6347
23584
18914
18363
29585
14347
2804
17363
26620
22021
29935
5801
17685
7883
21343
15319
21236
17731
13215
6753
26939
24128
17677
28845
4423
27196
11755
15168
29188
9375
19703
296
689
24620
6915
30725
7647
14274
18080
16413
23544
1014
8916
6812
7096
31771
2605
10554
8153
6333
16415
23765
21541
2422
19166
26073
7289
24831
14505
29510
9284
1890
29134
17912
10699
23896
27507
28369
962
28892
9355
13979
14388
2540
3473
22833
8730
30379
1288
30757
30678
7411
9694
19819
25237
15446
25000
32567
9922
3784
302
9088
17935
5303
1291
6255
15934
1932
8351
24973
6158
27194
13585
28694
13772
6319
3098
576
17254
29215
24970
12737
11295
26078
28820
16206
7457
29937
13902
26091
25282
16788
27943
21001
23340
10524
30120
9375
25490
9528
352
21307
20857
31806
27596
22833
18168
25585
27079
5924
27397
11866
20703
6034
7750
2135
10727
8388
22267
10015
30238
17557
11244
6848
18659
15643
27094
8434
618
4656
8753
17135
25132
23559
3510
24459
14810
15096
4496
14518
19740
10730
24261
26022
6195
26216
27325
7773
30347
14613
7543
11632
5862
4098
6044
12663
10614
11604
8746
6017
9038
2784
31584
26368
13068
993
14355
3455
17926
29007
1854
7053
20376
5244
28929
749
21268
19240
13471
26081
17968
14046
23135
11138
29985
22364
4656
16868
29644
4646
7987
32558
16086
4319
14935
25975
28346
4659
24220
26470
26018
30443
20741
22446
27479
23952
19717
5124
19355
24766
28099
9488
17062
15103
31647
4933
21587
15342
2612
19
27878
8951
15862
25742
17708
23008
16579
20204
31760
3383
13414
8086
21603
25383
12969
5021
19064
14842
20541
3885
26837
4900
15208
23314
11192
28301
5673
7160
21708
15136
25845
17039
30217
559
32028
19290
9447
30052
1734
23876
22708
20352
26170
4218
30471
10558
25419
21869
1171
20798
22366
6798
27299
5503
31906
3880
12285
11312
7656
10500
32563
10432
22374
5109
18612
11214
5761
30116
26776
22394
7713
3679
3362
26246
27938
2255
24214
30188
25031
2061
12256
13335
28626
21021
11767
22852
9418
24660
22031
32396
18538
20767
28871
16136
13053
11175
6291
32391
31636
23914
1153
26892
20145
892
26425
29549
14805
24704
130
26501
23016
19064
12846
4304
24692
2042
22533
24337
22386
530
31429
16968
1841
16455
31212
30779
8963
12852
6160
673
17084
20465
25630
4528
26000
32221
21387
29871
8899
15054
25485
32242
8116
32162
16716
27113
20382
9705
5870
5412
3123
30915
28194
10694
16457
12033
3425
24851
11993
25957
24246
14658
8105
14365
988
25543
8027
14468
8847
5148
21478
24703
17405
20020
19166
17279
30252
26440
25830
27682
12838
30961
9727
4986
21030
27083
18726
29327
19211
24108
12962
12628
15597
4531
4998
17046
16937
16613
9907
23663
2469
27591
2246
13202
21164
15743
24719
24352
25955
19783
6090
24035
32380
15759
30858
14704
29443
1825
8079
31928
14523
15569
17553
6065
7941
15371
6793
21442
29139
998
11232
14246
5674
21992
29924
10010
19746
7790
28054
5466
32523
16184
3967
1966
27665
29171
12836
29606
8957
18835
1022
13638
17007
9159
28955
19459
31552
24558
16114
12524
2988
2472
6497
12563
157
19198
8119
13458
4973
30727
18258
1719
6291
5594
9722
32024
28473
5726
6672
8944
15785
17117
24180
8384
13234
30521
26465
12396
2646
7452
11774
9988
4313
21933
24126
30283
21052
31318
22082
8653
10799
11047
9823
22166
10582
28007
9012
12368
31046
6113
15264
4243
9335
11366
915
11788
16737
1666
29925
4289
7715
5015
12855
15188
17141
1781
19282
1817
7554
30698
20952
21749
13795
29693
28249
6095
13377
6918
13114
24646
14648
5607
32004
12233
20799
5002
24957
24758
2321
18752
15205
514
32660
26663
25554
9143
783
30427
24236
30585
17526
18151
28729
22263
8931
31357
22100
13841
21804
28990
18229
3367
12850
1350
21526
30077
5310
28380
27186
9791
8437
21989
13987
10769
28148
19485
3211
15101
15810
10477
26362
11249
27403
17754
22048
24866
5028
5891
30332
26045
31711
9921
19641
4732
4954
7875
13915
14179
31096
28447
6376
17886
26
13601
2658
16524
25232
28275
28700
16974
16615
15043
236
17760
10863
2171
18698
27530
22465
25007
11573
13079
11257
28312
16103
20245
5554
26892
7885
23977
11089
22072
32154
6260
32409
68
8468
21404
22666
29893
20454
10093
29515
29336
23452
32659
12797
1894
23648
21164
10981
16130
13735
1149
23411
25252
8392
16613
32262
16342
31642
29320
17108
11343
11541
16375
8012
19774
10050
5981
229
29438
4097
15560
8186
28055
30233
28174
26577
28889
14997
5597
2717
23434
30015
14277
4503
3574
13160
7106
5784
2972
27268
12850
31644
19016
27451
3460
23848
10205
13512
18700
26847
16705
9850
17362
14450
17901
21724
30639
2309
17445
4885
30880
20878
22601
10230
9901
11850
3828
16960
31379
24280
16795
12092
15221
3075
15959
23419
4757
5611
11345
561
6989
32240
14285
9068
12875
383
19741
16589
27941
11578
16711
13119
5749
606
8829
21353
7344
27637
25079
11776
619
25263
28001
14187
4577
22858
11586
31769
31045
21106
15597
9501
15938
29719
20155
2255
31141
17028
2405
32324
17749
30278
28608
21356
31215
20370
32073
17506
10719
68
29270
3277
4829
9736
23098
22032
26180
2214
23579
10000
15821
29484
370
3038
19113
17205
27866
25246
5108
31756
2316
8406
359
15339
30358
12496
12587
11195
3295
8967
10749
8869
15183
28822
13242
759
11198
29753
28623
10890
27834
26041
24641
32174
13061
13510
24732
19998
12718
21247
31033
9467
128
32101
8088
17432
9513
14223
10228
12809
5042
15661
31634
26300
28999
451
25962
20492
30493
18781
906
6160
28550
22974
31596
31071
21911
19166
22981
21822
23496
26048
20483
4567
27828
8922
17684
22757
24043
29084
23421
30824
30642
19083
4386
24276
14205
4746
14559
15205
32374
7255
7053
22929
24584
22591
11259
28824
17852
25799
18778
20427
7574
27941
21276
198
28916
13308
6878
28441
25721
18212
12972
22350
27231
5721
20870
17516
13148
2624
9576
28439
30321
2523
18492
4720
4961
30311
2392
6437
23735
11382
8988
12660
29616
18331
5570
6550
19499
16471
19606
17141
216
30961
11527
17938
32478
18037
19578
32391
27508
11994
1846
30458
21646
14457
17342
7092
26790
77
25265
25015
21405
2442
26873
17935
8582
4739
27719
25664
12635
3763
16428
2997
14431
3642
11853
21286
6336
8518
12101
31981
17225
5000
24532
22548
10432
886
28433
29794
31620
22102
25125
1403
31671
11407
2094
7554
30866
30415
11168
9682
13155
16361
1549
24362
27183
18309
10797
6034
9318
21495
14554
3868
13980
26595
9052
30125
14519
32339
12595
11896
29464
14586
19923
32596
27006
23614
3403
17589
23694
441
17994
19471
31714
28826
17791
10734
30875
3581
5505
19450
14332
11103
8856
17365
25030
3786
3912
21283
21334
25092
212
2875
24577
31475
29535
6969
25302
25281
1010
3994
25528
23644
11457
22093
29922
9996
8477
31621
2242
2085
21584
27120
17143
9167
32312
6657
30025
14230
31295
20561
32282
2018
15321
20981
16622
25533
16183
14883
23760
24267
7650
32644
19049
15367
30499
13644
12803
1491
28760
23291
21202
25783
14145
5773
9290
4446
15239
8996
20524
874
25072
23382
32172
19992
3660
8984
2233
20373
23899
8160
11389
18688
19827
26084
27915
11883
10764
3469
20517
17189
29274
7275
16844
19351
11462
32261
2588
15156
843
21525
16596
11537
14743
1667
8451
25953
19091
6146
12973
32380
8976
29450
14534
2006
30174
30015
12848
11155
20703
8576
5590
11629
169
28732
1044
25938
2957
5542
26137
4147
15619
14830
19578
30563
16423
30229
24291
11507
1907
12824
26431
31743
14022
10575
4865
12176
22173
1626
15282
12206
23857
25835
13770
26044
16365
6981
30557
32085
29244
30854
10547
27752
17412
25557
26665
6211
28359
21448
32451
25376
28247
6918
21847
24424
18476
21848
7664
5000
18054
5738
15844
32223
22940
7181
21791
7557
13724
20807
3714
10844
13468
5364
13824
21282
343
104
14550
6504
5025
16196
5190
3244
10599
11597
7709
10931
25316
29183
11614
4073
10571
6076
17610
23833
19299
21522
5031
26517
7363
18957
12579
31927
3963
28853
15208
14133
13772
31089
31361
22419
4672
10214
3629
12713
27891
858
12803
28189
21015
1443
10345
8253
3462
23731
29930
17968
5033
17937
2610
24211
16791
12569
1233
27737
29852
19416
1510
18471
6317
11463
25447
16133
8348
5603
29423
16052
18006
20724
30242
25793
16491
20839
28389
9860
20526
3659
7973
17897
837
23938
2640
6896
3947
17051
314
9585
19578
25859
14434
11235
25520
26713
18060
5498
5441
28104
8350
26900
23482
8030
2196
11574
27082
22982
5944
5393
10070
32700
19590
9528
11579
12275
1229
22067
12839
23920
5497
15666
13862
1172
18253
13464
9656
24614
25784
10283
10696
19064
13980
25934
1320
6986
19149
32120
22565
1146
3508
17685
1148
30896
8170
21660
30880
21601
20522
3906
22791
25075
19062
6009
11669
11692
11354
27685
7165
13635
32125
15614
29482
26624
1805
8168
23213
9645
4424
6254
7335
6629
17747
27763
29628
15450
28425
16551
18806
4455
3911
13191
27677
28973
27621
2778
8977
13783
21179
10987
19763
32111
10741
5879
26920
22485
4271
28975
32413
7890
32278
25480
8805
10377
26367
6070
24860
7722
30124
30391
4781
11473
1104
21653
6389
8574
23210
3199
7142
19775
28402
29331
12067
14521
13624
31958
23446
24132
22745
17981
27402
26142
16609
3816
24381
17409
22766
10165
32047
8937
9190
32289
24776
6417
22567
29116
28879
12037
11001
19770
12324
14449
9376
2747
3372
20407
9302
16640
2793
26746
16993
8223
30346
30231
5465
8895
25754
15498
2807
5463
4965
32490
27418
8131
17688
11134
4381
7701
1937
22924
7242
20396
12177
30032
5134
24480
5388
29911
382
4900
9271
7113
26592
24156
436
21511
14368
23171
1280
18854
22890
31778
20865
4608
16092
25183
30515
16140
15416
746
24441
9179
11590
30345
15522
22459
25317
14712
1621
17748
5732
32661
13092
5653
28542
24189
25517
2275
6749
26942
27296
21844
11235
28202
14333
22007
23949
27715
24014
8107
12719
26163
8630
23977
13423
2034
9251
6690
15401
12375
12220
25467
18312
18935
12521
20398
18435
17953
21004
12198
15926
26478
32083
23231
17504
5696
28072
13244
10940
20736
29797
9973
17217
1284
19392
20331
4831
2993
13852
383
17420
11546
4448
15956
1049
8443
16900
21317
32622
18033
9742
5377
6255
18052
9765
1429
9664
25552
32600
29786
30818
1639
29057
1792
10884
23508
22520
1904
25741
9105
4441
31779
24224
24887
29438
8214
1670
32180
18571
14257
26595
599
22836
6647
26079
14476
29694
13196
13821
11700
12657
11884
26079
5695
987
14264
11291
22121
9694
19227
1619
25516
24241
27339
23790
16038
16731
25623
11188
21480
23166
15273
24193
29991
32343
6909
32583
9543
30136
5310
19492
28228
25361
29575
16101
17053
26519
2844
28197
18905
21703
998
29222
18668
13647
31368
5745
28227
31320
15346
17478
2301
14856
31761
147
25391
24027
31912
3887
28175
20416
30380
16706
3998
22406
23945
26048
21302
4572
16287
25165
19216
17432
4498
11277
6739
31006
13871
31130
1802
9239
30247
947
25975
31380
7674
18025
20934
14104
7085
5596
21450
29986
4847
14132
27920
29843
24375
10114
21064
7140
17382
25327
29302
16969
32420
22066
2107
167
27545
14048
21198
26633
25785
19706
13742
25826
19937
8456
8443
25347
3627
12060
3595
1698
748
22918
10423
9298
1617
20441
16306
22628
15662
7367
564
22616
11415
31480
22429
11977
19031
11302
12718
6492
10323
26330
30950
26704
2848
31494
27703
5021
18365
24556
2987
12440
31547
1567
5684
14661
29500
31331
11894
25233
20315
6022
32731
904
22865
790
13203
10155
26347
2881
29937
14036
6419
22489
340
29220
16373
5750
10840
5024
10696
6520
12690
3693
20569
14305
13590
27520
22933
30493
17654
30117
9916
3406
6197
20926
6131
1908
2530
23792
5712
28059
25600
32109
368
28525
27953
21768
9630
21039
5753
6540
15837
8324
24909
15817
24553
27758
12973
14809
30807
18315
4360
25630
32063
25064
28073
29384
26087
13414
16844
17800
30827
27497
20369
26839
32097
5836
13485
21191
11861
453
12220
28362
7401
3117
5445
31664
31291
17710
32344
19358
11952
12976
20699
26700
24563
19507
19096
21865
7317
8037
11720
15353
4228
26822
14042
10032
19416
3246
6752
12990
28504
4704
2130
26013
25034
13562
9682
7932
19684
12756
28668
16122
7732
7171
13937
24044
22953
1338
22421
32322
23463
15616
1481
26697
6739
24289
1771
12445
20712
16702
23760
25862
9475
4813
26974
15734
18541
31297
21919
27859
7125
16360
16690
20485
1748
22957
3480
7977
23584
18630
22446
30689
26046
8084
23073
20968
26576
18803
19746
7730
6810
3630
4163
11768
3394
3231
21915
20125
19932
17941
8170
31453
31978
31446
3240
29547
2948
8454
12736
15572
15523
4937
9814
30099
13889
31312
21026
21563
28520
10026
18338
25761
16317
17872
23377
25098
1739
2149
24412
20142
8827
29264
30277
26135
3320
29323
13099
31835
29224
20606
1007
24861
30203
21409
1495
28676
8485
7043
20935
5077
2093
26944
8954
25446
28072
16140
12960
13661
2271
8076
18830
5665
31931
28733
27205
27191
20761
20003
27878
30612
14776
25017
30950
667
5394
2202
21610
3166
30321
12723
7104
27346
1412
22163
24141
9894
6905
108
26701
13582
21338
17830
6768
17350
11824
4166
26349
1139
7330
26365
7543
10942
15525
9907
28647
25407
17782
27891
26204
18205
29053
27783
7452
13693
24039
2683
6780
31663
20143
23736
18982
17308
16571
15044
21275
8010
13570
14084
4291
5145
32462
14096
14216
30502
30686
6098
24038
24278
29318
25429
32125
8272
27568
2508
14522
19349
22542
11794
18327
8371
1033
5057
4307
15677
2296
26589
695
27102
5477
18430
11772
11849
28020
29292
16896
15747
26278
9660
32549
1566
22366
89
2216
1440
19777
32539
27542
24646
16069
9341
9732
21987
25019
27637
17365
23026
13461
18841
7079
4609
1233
14644
3857
13343
6715
19648
412
14415
21614
10979
18818
2913
18862
23697
14281
3120
18017
19142
15226
31670
5541
4489
24864
10492
28758
21280
4911
12159
19465
31040
4373
5900
7421
16137
8167
12860
3730
11408
15894
13450
26869
11483
2576
23208
30124
29117
21829
16479
15068
28612
13295
17826
4399
9826
9353
8390
15193
30968
8664
7663
24900
16741
30228
8340
27999
6682
23216
31096
27989
8785
1138
27907
29254
656
15814
10408
20956
17700
16524
17374
17861
4220
15662
17004
18010
18356
4163
22598
2487
2195
30229
29733
15521
9460
12622
10695
32492
20837
18733
13082
3433
32647
5162
25719
18869
5800
3737
25190
17114
923
29664
4325
19646
2466
6924
28017
15662
9974
3239
13707
17267
17684
13258
18810
7885
12874
17740
16278
5978
18555
12125
8273
16036
6377
3194
18786
387
17044
1860
918
1304
6607
26966
16465
4675
10752
1069
18534
10019
10103
30708
17837
25010
28748
6538
22268
27831
3801
31088
22449
20136
3343
24936
30031
11052
122
26162
5286
11385
18371
26401
14384
27408
8531
3696
26252
939
2500
23357
804
22949
32280
25721
29230
17843
1281
8345
21379
16035
20762
6742
8933
1738
22059
23049
2459
15371
305
24521
2445
5968
10868
25144
30945
12904
22554
21439
9806
26654
18531
2423
5938
30239
9934
8338
31620
17685
29387
32294
8498
29481
8944
27525
27662
9479
714
9135
26292
23223
24249
31769
31212
13328
3436
13398
4910
15672
13790
8852
20305
24820
14984
28766
24795
21461
712
11425
2045
1265
211
23410
17337
11215
24534
24518
20903
25899
28268
11882
28266
1834
23203
15014
28116
7816
2922
26560
28594
17056
11495
5379
4967
22376
3136
29120
30819
26245
22101
28644
29328
21899
12559
29325
16300
14261
31800
30406
29210
2944
14474
641
28878
5297
8505
25698
4369
8271
19687
21536
5912
11621
22452
10034
25695
12616
29307
5644
11325
25378
27625
11185
1253
2646
13247
32171
7520
5438
22155
32602
2800
10033
12296
26170
901
20321
10583
19494
28047
577
5231
8071
6152
16882
31198
27602
13521
7184
28588
2994
22096
13940
7219
3915
15445
4880
10756
1404
5833
9450
1748
23233
16690
17012
25186
9611
2167
16696
18823
16068
16351
29643
6018
28232
25154
24019
19081
7148
9616
19280
8021
17906
11061
21585
20751
20594
813
1793
21767
30083
2160
8271
11849
15329
20151
20665
23597
8408
31442
7951
18295
5023
12177
27915
1611
23394
2959
27975
2151
23007
29391
8738
1714
5260
6302
12308
32000
8992
9980
29325
4412
3499
23606
31422
26502
19280
10391
22693
20301
21910
11043
12237
20413
13335
147
20022
28119
20344
26852
27688
16172
34
26153
12204
31238
23961
9626
18337
11070
7348
30766
15793
21691
24809
2219
9858
14443
14816
19433
20896
3826
19772
9557
32587
16644
29280
9171
29698
21534
15077
17609
1985
11751
20217
29957
7773
7070
21610
6003
32648
29306
26363
10017
5558
2749
11083
22243
25675
9938
19620
18126
2879
30695
24578
25689
16980
15435
6132
11260
19747
28644
27898
6999
4194
15132
25798
16154
23879
28753
30951
12286
20174
17102
8597
21269
2957
25941
28235
1228
7846
20365
13595
587
17523
4461
13494
16662
13933
18795
18381
4884
9351
9926
4395
18053
18288
5762
26718
5974
12548
4644
9179
13219
19190
27339
16046
14512
16275
30275
12097
24411
3300
25829
811
32567
12281
12932
10938
10394
17651
26388
29390
13085
25282
15319
21869
1469
15781
22805
5207
29774
19612
20956
31431
23506
15019
28281
28910
18858
16094
25540
24463
24339
3193
27441
5612
23065
18256
29089
6954
31596
4898
13958
15957
26437
27557
21779
23605
9444
13597
15699
12345
4541
15537
2824
21868
23244
8056
14071
18994
12248
4324
3903
3342
11672
25627
14091
20280
2520
19405
6550
22200
19516
4010
3571
1494
19172
23973
32535
32188
28398
28651
14513
29641
13446
241
22038
28298
16486
29362
2136
30962
23561
22776
8509
25906
20793
6894
10289
24089
22334
17179
23873
512
30021
14535
13037
4080
3721
32289
21817
16805
16858
32221
26638
533
17529
28253
21436
31271
14390
1892
13918
23913
14534
27099
11916
32589
21916
826
31880
30770
18162
29334
23342
24343
2418
17987
5271
25792
4474
25402
6585
31317
5035
22420
24006
30984
6422
702
5676
11772
2763
15442
26128
17742
17607
1709
19106
3788
12650
21165
3462
29938
25741
31954
25560
5845
32334
14870
14185
24677
9148
16851
12593
3563
28312
19745
19201
17061
3644
2234
5608
13729
7583
21939
25063
3344
7667
26126
20046
29504
6052
20205
20642
25768
3993
13376
30638
24479
32649
8859
4685
3165
20947
9421
18856
26091
26289
2006
3764
24902
29138
5698
21739
6155
12284
27190
766
13052
27441
24095
25756
27180
5180
379
16372
21963
9945
10439
17796
271
4387
9458
18105
16219
3897
451
10952
14928
27521
28299
3137
2258
8382
12829
12681
16502
17206
4313
18306
25951
21788
10800
20546
19366
1743
5979
2816
24321
31361
25409
154
13939
14934
29743
27363
26331
16368
18157
10719
7141
31737
6750
20818
2721
1219
8421
8047
13796
13731
1949
825
19201
18981
22005
25363
5484
5956
4618
26164
2204
20829
13445
10170
14526
22152
32204
23715
1889
7550
26222
18355
29477
579
12609
18556
29874
32204
30596
12132
30080
24203
31775
23638
7865
13846
934
4633
16911
206
2172
4587
7020
31876
18358
5561
22280
27504
8918
9993
17236
30986
11853
31771
27943
22031
11883
3242
7670
15651
25391
11897
12060
24330
5481
8700
12340
11355
16376
21073
22658
17373
25398
10146
8873
1975
12322
4472
27219
9828
7085
1480
19812
6726
8912
1635
25431
29218
21103
9196
24790
12880
13668
19991
1521
16780
27229
13007
16912
18590
2934
6433
20698
10704
6933
15366
24230
27644
28279
28979
27847
1131
19475
8518
11525
22074
6282
15828
22485
4087
23043
31974
27764
17160
92
19161
8177
14039
30970
5609
10929
31068
5696
28422
2779
16081
4879
21934
13192
25833
12071
16734
13466
369
20123
17085
7772
18357
30239
30336
87
25487
18486
26267
25627
17618
17254
5285
31090
26704
26352
18125
28507
25990
30877
16569
24430
14036
13696
2328
10204
2924
25232
4665
7268
30791
11860
3601
8478
18097
8828
13769
12735
2715
18469
12013
31386
18598
15307
9164
13151
25367
5657
21702
19037
22171
5114
4568
4418
11444
2920
24744
15589
3945
17888
12161
20626
17308
15505
1676
28336
386
9798
28618
23187
5012
6337
23459
12000
9019
3487
18794
21429
12003
30808
26141
8905
19326
19810
7297
27335
18261
23287
16311
17601
28708
31792
13389
21585
10085
27536
21097
11045
11210
6113
14198
19332
24405
21482
12453
19147
1324
12057
14309
15791
25700
32048
23962
26752
12780
4916
31547
2277
4539
6794
32282
4034
7309
30884
1266
26114
9637
5827
30241
10001
2096
7807
15876
5186
7029
11123
4862
28508
10174
19336
572
17015
11231
20322
23599
8821
19059
31800
20634
21102
24545
18954
30277
14467
17254
3917
6380
21644
29680
7862
23682
26547
6522
15051
5208
14574
10867
28538
28482
28554
26853
18364
4980
13670
24857
26943
10692
11858
12803
3927
7327
14750
29687
329
3474
195
4607
3045
5838
25470
1410
17549
4294
16127
2433
6126
7506
31327
30662
29607
22825
11441
20755
15186
12275
9127
25370
17188
7758
10916
32214
9932
23309
17293
2710
12834
24136
28102
2152
27455
9449
15905
28842
15581
26884
10401
6757
32482
20255
11631
29235
12115
11111
6472
30440
108
27343
21416
30517
17872
23689
19147
3720
10666
1874
21302
14044
23386
8819
14727
1846
32302
742
32003
27779
7031
15638
3670
25288
28399
9538
9960
28363
22783
23975
12235
26254
10939
23346
23696
29376
18454
9040
2827
13396
1673
7553
6935
2781
25014
32194
20591
21822
30729
14609
8112
29068
22369
9409
8526
14935
16754
18200
3553
14165
22759
10991
15955
23952
8586
29171
9741
16563
20589
19170
19535
549
25709
24252
4411
23592
28175
14178
13172
5439
30022
21414
25149
15784
30956
30598
886
14340
12505
14094
497
2490
11787
22173
540
302
3838
31746
30175
15440
13753
15426
11629
23069
22851
19854
10172
26387
9061
21690
14708
6188
8979
19269
11435
14666
22656
22025
5107
17778
32708
8365
21675
19272
6976
11654
29469
10778
15347
21083
3176
760
4429
26684
28648
29713
6346
7213
32573
8201
14101
25363
1470
15855
6155
12656
14025
29344
32190
26776
235
31250
16530
15026
12503
6362
9981
12199
13552
295
17821
20622
14527
3991
11448
1838
4830
24949
21563
30661
12564
11562
19578
1273
13654
14480
30428
26852
28898
7220
23021
5508
16418
7265
24078
28061
5221
5033
31803
2122
26458
26468
1395
23689
14902
25183
25907
707
24708
32676
32249
703
1836
2779
28701
4045
238
18861
8655
11467
18883
11261
6141
27902
21582
23490
11957
7090
25325
17995
1277
12841
22472
3749
30914
10241
29228
19531
3476
6596
9882
31477
6186
30007
11024
26244
5762
15405
17181
19980
8186
25763
7795
8501
12982
264
13968
19890
2977
11599
16326
3690
27061
3178
4411
14550
3293
9838
10342
28139
27958
31275
11643
27820
17779
13681
14568
8567
14358
15721
27713
22643
30705
6804
9596
9461
28995
27208
19364
10452
31617
31872
15732
13064
3912
16844
23985
7786
25320
29060
18563
20258
24678
19395
7803
11487
30586
3662
11004
9852
7841
2569
22392
9867
30158
15495
29495
9713
1144
27359
4081
14246
1086
6456
19561
7090
20657
14086
8733
16411
25863
26622
25015
19498
27132
12560
18557
2358
24417
31953
2172
15015
26338
12989
6288
18059
32714
25151
8823
28030
280
29724
28517
22363
20445
17346
1045
12295
8445
30305
23394
5825
30149
23289
18874
3395
11617
26966
5000
293
16496
32630
8906
5677
8940
20377
1184
15922
32566
28249
20226
4599
2109
737
7436
3217
10796
13847
19834
6989
3838
19783
31003
32575
10105
31801
8773
28428
6754
21446
5725
14165
22864
17334
26093
22767
24973
3323
22271
6479
16333
22233
19629
534
4663
32238
5269
31341
12235
19803
12099
23101
30160
19787
13955
26920
18529
931
30034
27926
25342
10506
2207
3329
16067
7604
9247
7921
25042
19986
7480
32464
6545
9224
2981
2838
4031
18103
17824
9981
20743
15186
8019
1316
5179
18037
18227
30012
18187
24199
29680
7653
25641
16483
10370
10471
4755
6471
13586
19757
31584
2759
17498
32296
1469
31224
3681
5825
2218
21134
1572
23060
28750
20059
15110
2502
23361
7815
16530
29015
3612
22494
12322
5284
17773
1887
7203
27911
8760
7950
29995
1996
28940
27075
5082
25521
9207
24888
16624
26586
14230
5664
19241
32522
6949
14592
23343
27952
30868
22001
27095
11629
3645
24248
16594
10992
7123
30866
15276
12449
11827
15407
14810
17062
20888
21924
2392
1765
16399
15899
1469
31641
4073
17945
9550
14983
9653
8039
12789
27112
6765
1122
26324
7180
24684
28427
30554
21184
29523
32064
9657
10069
19629
3827
2867
31331
7488
22537
26520
21535
32512
28536
12360
25249
23989
13650
15446
15591
8750
13446
20253
12373
10541
20365
21363
22680
2844
806
17358
14389
17949
13843
15957
26245
23390
32213
18591
27652
2340
12577
30922
12565
6332
32559
5989
27362
12322
8121
20100
18470
26463
10583
12906
21304
16937
14344
14942
4137
30769
30065
23517
4985
1667
2157
19386
16934
32637
7286
9562
23100
6582
4953
27137
32343
15677
4581
22334
23234
30838
19349
9688
13131
2234
29389
30811
18157
6322
84
3777
21283
11175
911
14983
3978
23222
3648
9041
21817
4920
25169
22292
4975
25728
19675
24654
9402
24246
13643
505
633
2257
22448
8565
12455
11798
17689
30968
103
7845
4686
27925
2836
31423
13470
11205
14283
1007
25815
3629
24561
25082
7749
18617
5697
11036
15862
3530
25143
5663
132
27814
17967
16603
5242
25104
18139
3396
3050
16969
19806
32351
20203
10622
19825
20379
31049
23561
382
31563
848
1061
21140
6983
22605
24883
2094
1841
22107
10107
32500
27516
21223
15938
32046
1882
22148
9273
9535
25203
3980
22647
10255
30252
30610
15112
7593
19146
6795
11608
1657
9936
16606
24355
8365
25463
13149
16499
20254
28555
11669
10398
15574
9988
13482
17691
29274
1387
21938
13223
21629
23406
7011
13508
21285
12124
27098
29864
22572
24525
18068
13756
23776
30802
21657
17421
23260
9226
14306
1187
4066
18445
28800
1714
8163
2246
2367
14333
21849
23055
12875
6697
2057
16688
26835
2710
9344
20933
27026
9700
13387
15492
8362
6889
30497
19163
7787
15362
12579
4138
26069
6628
22864
18824
9631
8943
14309
17845
8862
20350
1972
24550
1118
30486
32449
18167
3077
22134
32470
10635
3640
3826
13353
1060
31093
31253
8597
31142
13979
11540
11481
3568
12684
29041
13473
17361
27746
17686
10777
30269
23526
1841
9391
4546
1885
4312
30047
20123
10411
7514
14514
15415
23723
909
17555
15323
15441
8809
21728
24717
31132
9135
19097
13634
7626
17697
5495
16605
8786
28156
16029
21924
8849
1436
29061
27423
19370
4553
21650
22359
9688
2939
16167
20649
8740
10439
10386
11646
22076
1695
25427
29106
26601
29380
24375
14386
30502
27753
5997
4664
17541
7672
6445
2367
3711
25107
26147
15742
19127
14096
2045
9141
21740
3587
4367
5141
6694
17545
8265
21702
7085
3111
22434
24696
5013
16664
11404
10673
24251
1466
13208
32752
6943
5523
2510
24573
30436
2823
11071
18804
32604
29778
14006
5141
9941
30650
31825
20696
19078
11049
9525
30765
786
15244
16
7797
11810
19860
17772
15283
8189
22694
6957
19785
12954
14802
15698
26662
8448
5977
4145
4265
1108
15723
15426
18410
2926
30294
4914
26452
31522
10628
18367
25002
6809
19757
1133
12995
22035
14119
2099
988
3716
1364
27243
21646
19849
3645
26815
30690
14206
12711
28720
25687
9223
24190
22233
32477
6259
23742
26675
10885
1004
11655
13288
26164
24699
24838
28951
20338
30108
1535
17623
5631
17664
9204
6015
17438
4163
23923
23975
9164
25157
23452
27387
12066
2595
8222
18015
6263
12978
32675
24211
7621
3881
20111
11546
9361
15987
30106
2519
8864
15422
9054
7883
9295
30525
802
23588
26197
26037
24407
30548
20096
15012
26274
18230
12219
22347
8851
28951
14569
31991
23105
6655
18771
1709
401
3990
24887
6047
30470
24890
17174
6579
22208
32703
23156
5570
8146
18001
29537
5048
17430
8077
27677
31572
27750
12751
7680
15853
18964
2800
7149
31776
16567
19316
19236
22578
15863
21773
31815
21910
32717
10217
21232
3917
18328
28657
26284
10379
24134
19676
4940
31292
10409
2753
15273
22898
25591
30663
15936
1723
25110
12826
18811
27109
19563
15465
12101
31042
31648
28885
20661
7447
23225
26107
17825
167
1779
22066
6010
28793
13042
20482
27246
5002
24868
7979
20689
28814
4147
8383
23569
30359
24356
28682
10885
6898
7393
31832
1217
9098
21596
519
20012
27182
7349
26183
28819
31250
25643
25736
18753
25731
23630
10025
6260
4770
686
28707
18781
3342
17495
20009
31460
6142
20400
16333
14483
21581
12421
6356
9524
14194
10328
24920
31007
28986
21486
22186
21695
22651
8663
18197
18520
9341
13588
28436
10223
15819
26752
20640
29976
704
5069
32345
17215
31120
181
11049
7028
24931
14030
6977
27774
18857
4779
15196
6401
18272
30792
18910
19983
28556
22249
5631
15862
27306
25866
4556
26644
31587
13150
929
26387
9029
11510
24700
10362
6910
14323
16890
8793
15029
25239
19713
4421
31407
31730
1056
29666
32452
13143
11659
1327
22940
15847
2937
17833
32450
31604
4845
12188
13868
6446
22826
2178
6658
14642
3862
30429
19746
6903
28407
17302
17095
21365
24289
10901
21339
6684
9470
12118
20058
8706
14623
16135
9373
25355
8376
11767
24760
21806
30964
3670
23310
6035
18075
9071
3247
21106
27181
20020
23224
3697
12368
30973
27191
28636
28601
32080
5323
21864
18421
19353
19598
32724
20206
7906
10963
6855
939
30038
28445
22885
2368
21775
29274
12125
13755
3591
8466
24381
15500
8664
2391
28479
9434
29831
22649
30456
5072
31633
10881
10060
32748
29877
17301
7486
2052
31635
5600
12963
728
18818
32366
1805
8440
227
15741
27705
12825
3330
739
15051
7279
24377
19668
30454
16299
6088
24636
2355
4907
32670
30191
20606
6633
18555
4813
32066
13960
20339
12149
27131
24529
9940
13656
15996
22588
22038
32225
24289
15740
12277
6867
21005
2925
23432
28064
19231
25484
4486
10076
2763
5973
905
10687
26165
22526
31229
2859
21762
32267
14413
28391
12283
7920
8978
7026
28394
19828
6316
29393
8626
22270
22133
10622
11708
19086
26041
29524
15117
4061
3631
21069
19438
3854
7622
24596
27579
28949
21869
27099
25722
6548
30334
32650
31600
12710
5051
29437
31296
8
17191
26539
11446
30871
6232
21477
28079
12448
31188
2268
22038
21881
5393
4577
23645
1411
30220
17848
23158
14284
24540
7255
15648
10494
20258
26452
18688
16900
9574
20223
28554
25902
22504
20048
9301
23754
23023
27454
14832
28847
11268
26686
30632
28033
25627
26765
11401
27772
17707
2933
28162
19253
9685
20207
16489
21013
26480
4302
18697
32575
6147
10374
11686
6397
13683
8090
28108
10413
32704
15699
9568
23458
790
11924
10845
19671
26205
112
15692
19149
6159
11771
18948
31943
28568
7458
14517
29600
14793
25682
31254
22611
27290
15710
9458
13634
4379
4592
14703
17611
29562
20217
28091
18445
22881
29395
12028
16587
24211
13811
26501
2266
18811
26642
30644
24873
23224
8042
727
5446
24215
17996
22883
1833
5484
32317
2094
8726
2283
1459
12187
1368
1472
16161
15041
4196
12324
5350
2888
20210
32103
5431
1356
22584
27502
5810
15852
29409
12408
18117
25198
25605
9408
19282
30656
1620
725
7297
30732
1257
7025
7736
3432
14039
5578
10797
9772
6048
3026
11552
4424
10449
12872
12182
10022
23680
24992
27498
689
23545
17745
30439
21454
322
7763
6415
18346
2026
5573
26220
25700
29521
2755
3407
22486
12870
7037
22283
10520
4513
8525
20566
31843
30600
16494
6548
24484
11678
3138
21662
21886
46
25339
24194
13600
19515
29488
519
6839
32651
9506
28150
22677
15014
6380
28267
15549
15747
32323
30335
5346
8041
26334
7751
31837
21678
7824
1919
17712
1532
2306
27413
17732
12490
10701
22437
7723
22109
31286
5623
8548
23837
19709
30846
9310
13023
21494
27475
22011
21036
26058
15901
3467
24717
138
32575
11443
14431
27883
28239
17310
17535
9243
6400
25871
31218
7418
4736
20563
7976
8528
12439
11906
31564
20599
26534
28045
18179
9107
8480
17571
23799
4709
23522
23298
32387
129
17875
14054
26109
22769
16558
2009
23483
2389
19926
8578
92
22567
27332
9072
19739
14570
17726
819
12173
23633
22137
22891
11265
5569
24279
2871
1670
29359
17024
686
6603
1505
31219
19202
10024
22678
7110
29977
18161
2079
26116
9781
31075
25438
23306
7032
4799
29762
19099
2139
4539
6710
27551
9324
25749
6385
7210
12003
20528
12078
11260
16926
22787
22335
4746
20410
15494
6633
20426
3594
13502
18863
14968
17203
882
16250
3915
8548
27353
20177
31794
20422
30436
32340
31616
17065
4781
17217
31261
6475
4041
3824
16982
23228
2365
4122
8155
26465
7121
24348
22700
9898
28870
26151
3366
17224
27361
26662
15353
27439
26207
9338
25942
31323
4819
32583
4752
17390
30914
3050
23066
5847
493
30825
29654
28725
16416
4058
15805
25761
8525
1074
5142
19627
32312
14046
12728
21889
6773
3893
32125
12122
28875
16071
2454
2968
11800
24079
23364
29197
14594
14353
5514
13864
5580
17625
15388
4427
24754
17971
32619
29934
24490
12394
642
22164
20044
7428
29870
296
29255
7917
3493
1243
25449
11515
20697
30958
2893
7158
26986
17426
6142
14300
121
4096
4059
1412
15358
12501
10313
30457
808
24014
2805
31979
13566
4278
9891
21215
15128
13348
16688
30418
21811
2998
32151
19107
5107
20376
6975
851
28508
14900
27248
26986
14457
7960
1245
24656
24442
472
11814
18776
15982
14430
24328
7271
26741
26532
32673
17863
18448
5645
15107
18423
24731
1797
24795
2355
5611
6546
26659
2690
5940
27138
10859
4624
25361
9417
15318
4762
18140
10400
17092
28010
26155
12888
20017
4387
5188
6071
5084
22182
12246
7401
2248
12603
7205
19321
32516
30617
5130
22682
8535
31374
4138
14664
14868
13693
15919
2272
23593
8798
2389
19683
31410
31319
8661
11248
14401
14563
23836
24199
10543
23923
23481
22113
31480
14360
21645
7042
12359
13099
28387
3382
133
18429
20895
18925
1455
11527
12332
14535
8602
1538
5371
5659
30267
12935
27223
11114
23012
18610
15827
1201
9095
32607
25124
11901
7372
19069
29047
23712
17243
18800
23881
6409
21967
5862
30459
23358
19250
31142
5397
18731
25358
27554
28320
20842
2762
2620
5604
25774
31065
24766
2021
32076
16644
6036
10821
18900
189
12117
7984
6669
1195
10712
17661
24162
9863
1655
4005
14895
29496
31142
6584
15075
15431
30551
1435
6492
27978
17850
20778
15728
5870
4397
19670
432
32173
5453
2646
6936
27421
25641
25763
8992
13414
10402
14598
29186
212
1356
25665
8710
25404
5410
3141
5678
26016
10767
17292
20390
11989
22854
5803
23110
12260
13709
15721
15602
26836
15588
14915
11799
30840
6647
14551
26810
14646
2597
17514
4641
23946
12899
13842
23013
22635
31739
8591
25932
25457
10851
23869
220
4556
29211
25846
25106
18836
11078
9043
10319
28458
24660
13810
22164
12869
2046
18352
31938
14098
374
819
11220
6222
11712
8913
21177
31311
564
25692
4722
14632
6318
29771
32644
21138
12137
11748
31336
29850
11269
8004
25539
7649
19636
19336
29498
26873
28305
4060
26261
26957
24878
7185
13466
2458
3963
22359
13145
15799
18492
4956
1135
10693
18759
26527
31059
19050
4947
21619
29051
32696
16831
28083
12020
20772
12872
10138
2661
9956
25552
7112
4433
26869
21909
20181
2852
28894
257
7633
1793
853
32415
13459
14334
15126
13706
5185
26033
27456
18558
18877
7393
8832
5896
17327
6027
19240
17930
23328
16465
17035
13862
2794
17483
20138
8413
16513
23060
28541
4776
4311
11770
14486
11431
2262
8290
4098
1388
1797
26152
21093
26613
17749
2842
30746
31234
21784
14772
26121
24017
31496
20061
31544
8477
12190
18335
18442
9835
28019
9067
25820
21850
10927
22468
2500
22415
4893
28613
9190
32651
3043
27648
30367
18271
12937
21405
28053
23985
11744
26063
4712
29950
26706
31137
20692
5154
30539
1602
22915
16013
19295
25909
4974
17060
7490
841
17581
19956
30769
25108
11643
26623
8556
24270
17972
7814
29451
25606
17941
12347
30187
8289
20264
22301
14191
5390
29198
1682
470
13814
10710
24222
29190
32543
20295
18324
23465
19690
20719
10476
13925
18015
16770
24980
21576
18090
25291
10296
4121
26134
13697
23764
25943
17218
9288
4890
18801
17542
26947
18902
12066
8427
18080
25244
11592
1829
11404
19021
9670
32702
15233
18779
10924
15427
4035
27785
5983
2582
11166
16249
10393
1938
7273
14667
32389
1880
13115
4904
21164
20717
6319
7196
7493
22605
11049
8451
30379
25995
5892
7816
587
9519
27583
31775
1241
24894
28095
9781
25599
14567
18463
31302
8740
10477
1561
22813
15441
31681
20311
30963
21020
25922
31058
31599
27633
16114
12086
5295
32451
29705
11515
19155
4574
12750
26669
27096
4888
11639
3334
2415
24619
16691
10219
23102
17498
29602
12187
2443
14790
32464
3945
16001
8290
12265
28286
10037
16762
20197
18595
22199
17486
4336
8142
9452
8689
29117
22342
14645
29979
23422
13351
7976
4935
13227
18913
26747
881
31870
23388
31307
24085
18869
3229
10360
2287
3147
16510
20332
16007
7303
4925
5585
23938
7467
9102
20809
4930
26872
32121
5417
24202
16909
64
27779
7536
11259
4695
12950
11554
6644
29090
28551
18042
6792
3456
414
22073
24589
30659
11353
12621
13956
21243
31271
21740
26188
10409
6026
649
32057
20162
18955
20464
12744
24869
29257
6230
22849
28487
13787
17826
5612
15401
13723
28412
32584
22367
10985
14764
30672
11613
19959
10536
14505
1897
6320
23746
24798
5508
13309
10684
664
23708
11684
8961
18172
27200
11092
21508
2618
26195
32767
19061
18622
13328
2219
21518
2274
18328
1265
31644
17501
19036
7659
18487
6220
19088
19138
13360
17935
6563
13634
6869
12191
12333
990
2360
23288
21643
11118
21835
25071
5644
1283
13513
3823
29341
17599
24045
12201
1108
12410
8704
21374
8090
20884
20814
2782
12700
5681
6478
22386
12684
6311
14158
25532
176
17142
20280
2188
21147
31385
3326
8530
7442
10726
31208
30609
3551
16653
29372
8500
6789
12139
17430
9350
2008
9815
16496
3645
19192
3518
26900
15447
30438
11862
20581
11583
4571
19594
6790
24526
30757
25494
10529
16052
14781
13541
14103
26315
13844
172
7644
29433
26044
13560
10525
12836
23800
21379
30708
18617
5382
30799
10831
13862
11833
10480
13531
15183
26859
15805
28325
12287
18835
24279
6744
4589
25582
22213
8961
8725
12209
3449
11845
17470
32764
571
7933
10701
4080
56
30008
26180
868
22032
13942
10656
23057
17744
5374
22199
5507
19911
21530
11955
3578
21237
2839
20952
30863
13288
28669
24459
8729
14309
7334
30511
20503
12033
7158
18152
23353
11866
7622
27400
2485
22022
17954
3407
28990
19191
20727
13871
29376
19647
14836
22068
31671
18015
8734
5153
17081
6843
1416
14649
975
8208
11286
1901
3663
6942
3752
22172
17680
16090
26071
6741
22405
24748
21690
16106
2287
10585
7578
30488
25400
2771
15888
10527
20278
2768
2441
13848
201
18966
7265
21741
9307
2741
30592
12959
29775
4486
32520
9625
26256
32239
27739
1126
16
20041
12092
15433
28691
12210
601
24369
8208
8261
14361
32487
31946
19404
27331
19702
19753
26713
18622
29269
23584
19488
22246
14298
32098
11571
4018
135
20104
26880
4926
1650
21482
22605
25256
6170
31153
3057
13737
4572
6408
1248
16517
2843
9370
12711
22139
17179
14709
25423
28547
16332
857
1832
2238
3685
12037
4312
27353
22220
30416
21333
6237
2792
15507
28673
27778
19984
10465
32153
23962
13339
22958
15744
21088
9091
4429
22276
90
18431
29989
552
17156
21214
3394
897
17806
28703
11613
17487
22672
22091
1526
29983
20152
12707
31091
874
22630
6905
3537
11257
3344
11298
3582
15463
15367
3383
20997
22532
5015
19673
25894
18265
21104
26337
24324
1730
19396
25305
9124
31924
4871
18635
12756
27727
28831
30148
14140
23014
12207
3073
9378
11328
19601
21198
24180
7646
31773
1800
8887
19888
4429
28838
9547
29164
23625
17169
7953
21474
13449
9922
15235
14239
18553
6325
9323
163
26256
7623
9873
31849
968
24553
28266
31860
10030
17238
31812
29203
32032
26526
14781
15838
20131
24902
18079
45
14769
9072
12651
28565
11975
12911
7137
29762
13416
18241
8861
6324
4162
30754
838
9121
19470
27112
5604
22748
30594
12079
14706
28123
279
3434
13286
18300
18491
14050
21295
21083
3937
17468
19870
27715
15404
4235
14767
17614
21919
20151
32137
17594
7808
27479
14875
26925
16581
21930
15054
26119
4763
3409
25056
16736
3097
30025
14738
13103
23790
3684
30826
221
25842
21607
25759
6088
25831
5554
857
25076
4897
6475
15643
24730
11385
19077
30449
20330
16392
31738
29734
10321
30908
5876
30223
26403
21418
20732
31522
2356
26514
23375
14673
6413
16581
31867
29197
23767
17849
5592
11086
8336
23199
8374
4129
6156
16821
28337
14324
12380
741
11216
1714
20486
19359
21744
1143
21800
29866
30598
10908
30618
14340
15639
18311
32
28289
23259
30147
26463
12397
24924
1527
17998
22951
5057
28600
17994
19038
26232
21703
28930
15851
3937
21330
18530
8583
24284
19787
31982
965
12175
26832
14934
2563
21261
5790
3602
31258
25917
5865
12914
1206
25869
14510
18405
16350
15340
6215
32675
12816
24431
2056
28543
14368
16092
6602
19716
18972
32629
23145
18614
25831
4910
19767
22436
666
29043
14808
18960
1287
6213
32134
8624
23800
19124
2041
634
11021
8259
19152
21812
24442
29751
25851
18435
18110
4657
26303
5895
28233
32182
16392
32748
29597
29122
3521
7101
6016
2210
750
23001
25644
9932
8874
1798
19423
23843
15250
31417
6766
20190
25213
7550
27828
21116
25130
15098
5621
11324
21175
2302
23780
7249
18301
28907
31706
10343
5806
32580
25539
12141
20157
25327
20182
25266
5856
2568
16273
18632
23177
1970
24250
13769
13911
6016
460
9092
22794
16235
5462
28652
31961
11176
17356
6107
18255
6218
9098
26699
11625
21150
1634
7431
21264
31892
125
13843
9983
16274
4332
8834
7268
31807
3933
18067
1789
25486
4222
21949
460
13674
420
21343
10723
11776
11079
30614
15873
28002
21291
19820
6861
16502
2924
29423
24016
10616
6558
27660
11171
2026
18333
10856
5620
18992
12622
6532
11274
20574
30413
12791
2733
5896
4450
21279
19751
27111
24155
20770
14464
5939
14137
13692
32641
28884
8211
32388
11784
17805
13893
2272
12042
17808
3211
2669
1857
19534
9198
30103
18703
230
879
6104
32133
17468
22859
30104
1642
22824
27945
16609
31913
25665
5910
12538
31293
20854
11635
24892
19705
10650
23118
17022
28009
4925
18470
27744
20228
5035
17199
24732
18901
17627
13541
12555
18937
2541
22143
12606
26957
24229
14046
23904
22616
7203
23449
12395
31274
30947
12393
25375
6648
7541
11209
22607
14414
4687
6008
27688
29064
8982
10554
8386
20630
19352
5884
13436
29126
9877
6712
772
15039
21710
17388
26210
14718
14165
16856
23925
23567
32141
18301
3494
15445
2499
8617
24859
17329
19992
14916
32566
19928
20009
474
7980
10615
21568
21021
6750
9572
20476
23638
20123
8884
6058
10631
4135
5263
18472
15701
6093
20307
1377
22126
21910
6992
15434
10672
3632
29696
20766
12947
25723
27573
30138
17798
30697
25463
9964
26351
0
14313
12682
27664
5936
26380
18025
21434
26135
29196
2618
588
21841
27456
17649
26239
20551
6207
21337
6366
19626
23829
5197
31601
17093
8732
31094
24395
17207
24776
27835
27072
26115
867
2930
6623
13389
26992
25625
25511
9237
24907
1420
24380
6119
20058
993
14656
21704
12561
26186
1903
16131
29466
27069
1839
9405
8650
29537
26063
13702
11986
27079
10045
12624
14039
7279
22548
15490
32049
10670
6247
10649
13665
29657
15957
27781
7554
25956
16571
17082
32114
1308
10051
10848
6541
674
30428
26173
14362
20377
24195
28432
15668
19678
13833
13113
5172
8408
1198
27445
7403
6156
28402
27794
2041
3292
23774
3317
16158
26151
8450
17215
7265
15395
21121
5471
15544
27411
12832
32090
8560
22763
27889
23936
32588
27627
17219
3284
14182
17865
8622
13476
5162
30946
18973
30300
10519
20663
11417
29214
17234
18066
16717
20139
31320
19356
4152
31439
14686
25724
14135
10402
25661
25335
1378
29977
22873
2304
1468
32593
17902
4960
5114
11593
7141
29171
14205
10331
6743
25117
270
21570
24159
13667
10697
27981
28311
14185
27745
32679
18885
22101
4455
16112
14561
17152
20410
25461
9406
15355
2896
27923
9323
3210
24028
10980
32183
10233
23023
24033
4364
12195
10717
9757
22156
13810
25014
1332
11429
2632
2759
16538
25270
18669
22416
16296
27279
876
10918
3959
2717
26628
31329
32400
23184
21610
3289
2080
2584
12087
18442
4703
8447
19392
11935
28289
2762
4414
9105
8054
6740
15159
22321
1834
5460
28265
16615
5695
10594
31863
2476
5494
9481
552
12707
23916
28261
11957
3190
11343
9943
29091
2220
24722
20777
27782
28574
29239
14061
13220
22092
9625
28782
20679
18316
24189
24831
11783
24854
9451
30972
3200
16837
32602
8492
25801
1159
17640
26095
13740
15671
32679
27514
17250
32383
22698
15191
27629
17468
17633
18783
2637
25651
21457
25412
11330
18249
5161
4767
10917
16023
25369
9298
7000
20453
22757
21415
32573
3475
14810
15700
1319
21273
5968
17271
19930
20685
19475
7287
31796
25169
21990
6563
22351
10177
4999
11567
10531
23387
26353
31165
9942
26627
12590
21435
12525
18120
10849
30628
18867
13201
1760
2238
4734
11695
18263
23389
22810
15443
2081
24478
13353
12032
13059
8541
7613
26160
30754
490
17718
25157
13715
28578
1854
31729
6881
17868
3120
20258
27192
6173
6314
31341
6010
25808
18390
29174
2007
26461
16774
24191
125
7463
5591
1921
24626
4974
12880
22570
22326
12254
20779
25562
4167
18870
32710
16570
6252
4563
27105
16766
18698
18126
10696
15453
3654
11708
10785
25722
6590
16316
30005
5996
24959
2079
20109
9466
13267
26682
23077
17485
7223
28181
13865
23847
14693
7022
31110
20797
4438
26060
23981
10262
26687
11094
20543
31112
21621
24385
16844
15664
11880
13186
17192
13131
8797
11255
4826
25786
9989
27034
4199
27335
18807
20417
13956
17846
19818
29994
17025
9268
27870
28404
24126
21467
20853
24772
6542
25951
31151
1223
9455
27021
14764
26879
25525
14771
14006
9255
14174
11664
20861
9294
4111
882
20922
6941
12040
19842
15660
19137
31661
7786
32534
1469
24387
14629
16236
29944
19765
26707
17738
751
8168
15833
9650
19394
17476
27741
21356
27288
16876
4918
22395
20349
7208
8090
16828
20583
22871
24675
17205
26086
25122
16362
15681
4368
15101
15541
15339
30478
22215
16260
2379
12127
10113
8219
20370
507
14630
3803
2332
18730
609
25776
5657
19826
12519
13883
4271
31033
14693
7140
6347
23000
6462
26302
496
28168
24067
14953
23471
19445
18105
10692
11405
31570
31629
26694
31831
23130
2369
13743
3528
25237
19691
3537
17327
11089
379
14439
225
26050
18194
357
9010
15221
10733
11040
27696
29385
4382
22494
26752
25972
14872
9847
1058
22453
15332
31465
30282
7542
17861
12633
19691
2375
8781
5882
31146
13328
15233
17752
8568
24913
10226
1625
26645
18711
4255
18192
90
12003
30164
25213
15008
27414
29215
27987
26190
9362
11665
11577
10827
21641
2561
21862
17153
9502
30360
10784
11377
20806
23404
10504
27773
9162
20409
10346
27670
11722
20499
4898
15956
14071
15842
21064
32340
27864
28176
4222
18242
16508
12674
25117
31725
1745
9254
21947
833
18478
31081
31676
5565
14253
21699
24354
24983
14678
21867
30433
21852
11619
26722
5554
4677
29134
4428
10901
16798
30566
981
19440
12120
30684
12458
5112
10004
7602
6581
17498
696
15157
8071
5930
32705
28334
894
20791
8436
8943
7573
14468
25738
8455
28284
11412
11109
3664
20066
5446
16783
19140
8392
12291
18770
17990
23296
25127
1960
21115
15785
11642
21929
19446
4615
13646
15301
2288
22176
19914
17543
9911
20674
7246
22638
20486
19750
8477
10912
3498
12500
27739
2488
6654
11949
28964
13090
3636
2800
14165
14713
19673
28873
16396
24755
15849
12010
15817
2038
15230
32293
12869
27189
26544
2386
9934
10115
4896
21592
28278
6422
30065
24445
6140
19219
30168
22159
30477
8208
1106
21807
11748
3109
30114
3006
3392
31329
4089
18717
18637
17117
16139
4967
29825
28634
31341
11499
2978
25623
12423
28785
6259
13363
15722
32269
15067
8703
4170
29584
3233
20724
28247
9555
4530
28812
13254
18988
18751
28355
20905
22963
32633
4972
11115
6712
4439
30250
26091
12876
7874
22600
32182
18494
31181
2911
17254
4422
19242
23404
11921
28080
16719
19075
30155
1043
12233
23293
20339
17517
1488
9756
12723
2195
10905
16805
18726
3426
21040
26995
6930
24934
10720
26375
14227
11822
27979
5198
6394
21307
25500
10838
10516
3237
25314
26801
17108
11391
26811
1387
18135
22877
1085
30567
9039
8110
32044
26419
28222
13622
11568
26334
10987
23442
29148
15929
16894
12044
21487
32288
6508
16257
13447
10562
26393
15289
8310
23325
24069
12995
21828
551
25538
32185
3431
29611
25307
15041
1801
30955
18519
23879
5982
13732
20512
8403
10538
16725
16228
30008
14577
4110
10878
19957
15782
2304
194
25494
6891
16214
14220
81
19476
21235
1559
20656
24067
11299
14232
31889
8087
30341
13062
20471
26931
16199
20879
13270
13734
10385
30754
5960
32068
10421
16665
23978
593
11005
1202
18974
7383
31147
30874
566
17913
6101
20615
2021
24515
12430
22036
31077
10
14159
11579
9018
16633
15920
17536
19204
12651
375
27562
31832
31368
30622
23159
16097
23628
11503
4390
32264
21616
13523
4714
4631
18708
32009
4756
23444
3656
19189
8657
24610
4220
19217
893
16587
27098
28812
3960
8370
5523
281
18186
31555
31387
1894
19647
4267
28497
23448
3905
12974
20652
25087
16875
18318
26808
17224
19084
14141
10052
29634
24157
12361
13982
19568
28035
25596
20168
12036
17592
9117
7525
3430
21911
15786
5401
17806
4625
17516
8558
31074
7333
13320
32443
11942
19885
16456
25678
23798
17574
6607
30722
19998
15447
11207
11249
25722
5901
30289
27806
10860
22392
16422
5169
16401
14946
11789
27875
11219
19188
30480
23536
29282
13069
17091
10752
31547
30578
24584
18436
9826
10415
31261
13936
7054
14862
30928
18731
22600
29127
26798
30689
3510
24117
3673
7825
24792
8661
23915
20217
26664
9569
7977
19392
14806
18363
27574
5950
4583
23358
30056
1049
2744
28759
28046
8135
32606
7968
28828
16245
8653
11684
359
12535
18375
27431
1473
17429
25620
27550
30879
5390
19547
9318
19205
13667
9690
9995
19723
10283
21947
4737
27267
25321
17661
31218
14146
25406
13827
404
11246
11008
15885
20361
20030
19939
8711
12407
2323
15996
26385
15864
32343
14169
22859
23668
27730
8840
4465
18627
14942
9653
19002
16358
6531
1341
9859
2936
10794
17730
3591
3901
32008
14138
30019
7139
24206
24661
2681
5809
19392
21867
26074
21496
26860
7271
21602
1819
5821
3729
31886
21892
25592
15435
438
22236
4655
216
9425
14543
18001
31117
22607
18741
14699
24784
6226
24110
18137
1928
2013
23545
23892
20533
101
30677
19729
6866
4104
2993
17902
17023
18419
8930
21675
23865
1792
8093
10590
6231
897
6963
18481
6423
18480
20833
14982
18014
21708
22157
20830
7068
15385
17045
32281
14256
6879
21503
8878
3212
23468
9746
6887
21004
15490
1200
16828
21982
27590
10265
2804
14518
17437
32328
21266
21538
13320
10735
10688
11573
5410
31754
32704
15615
9147
20740
1491
4883
23963
7102
26573
28622
27338
5873
11102
20760
8951
16150
20777
27551
7370
11020
23812
27767
4823
30753
27577
23449
19616
13134
402
22042
27392
32728
25275
25500
9182
23539
21103
11512
22096
8675
15940
1016
15297
12190
21569
4023
23844
31935
30763
21114
27931
4544
30607
20284
8577
15413
16884
6560
3086
2706
12004
32543
1491
6835
24047
12230
4537
7607
3726
6185
16361
2595
9375
30922
12866
15960
10442
5877
24418
9640
23933
23974
16745
25686
30768
16813
20775
89
25033
27905
3101
17475
11162
8516
31821
20270
28811
27783
11433
13452
24597
5456
29017
2906
30649
13770
32005
22961
32504
28799
18196
30863
11552
16240
1769
21746
4431
2919
15929
12794
6877
9248
20591
25666
18274
7012
31273
17538
21688
14382
25016
14077
20418
28444
20985
25292
29357
22015
5345
19302
21303
29734
6408
6643
21775
24770
29779
6956
30148
6614
23788
4402
185
7590
32387
2422
11855
25719
21965
3315
25608
19436
2895
9944
27128
12676
2155
22541
27800
8174
29217
22437
13391
21621
27276
11125
13658
23772
9420
27905
24074
3618
1700
31658
30370
12662
15973
23818
30333
3807
21177
31001
28066
16437
5815
26155
8264
32262
18675
22821
12845
10519
15155
14512
16766
18209
27595
4675
9320
21534
691
21695
28469
15144
31892
31481
5747
30859
5538
23455
22292
6362
4638
29950
4335
16127
28548
27317
10348
21440
29100
21768
8688
7887
10683
21638
18472
18973
28548
21458
10978
27876
845
19555
4670
16594
21678
4389
16532
15534
26352
8242
17536
17028
815
6196
9092
12317
21320
21852
5960
9917
32193
18642
27762
19062
8067
22406
18950
3162
7747
30416
28019
16777
15452
30829
21289
10900
2760
2636
7112
30135
26948
32322
11340
26767
11050
28889
27234
24886
9898
4047
31794
16751
31634
16278
12721
31385
24417
2678
183
2279
32589
9321
2389
14416
5649
26951
19352
9968
583
4850
27726
32451
23909
19576
29632
21188
27837
11018
20270
26430
8403
1386
30367
30845
22694
32184
15469
10145
30386
12875
28864
26764
26466
1870
20191
12721
84
8940
29484
30900
1013
21628
13982
28113
22763
18037
27455
5625
8420
26373
66
8550
20839
25263
3878
10116
2748
28712
28561
21161
23834
26738
5683
32674
28627
6683
30397
231
26319
15459
16953
23228
4654
7605
25623
23551
22862
5661
20087
27804
9200
28405
7938
27400
1038
13249
21859
30844
15702
32735
5236
20170
17952
27144
17715
15539
8111
22652
24206
26135
9586
4989
12170
17897
19401
3785
20086
16284
7685
23918
104
17160
19513
14336
8498
2131
1132
30257
16488
8726
22975
10639
6033
19104
20776
11862
8821
13931
11345
9138
3277
30706
20108
2579
27067
9101
6432
17585
27935
14084
27272
17808
11009
28918
16492
7515
21851
971
3390
30321
2357
10743
16770
31002
22671
6142
23315
26870
5351
19441
28738
10551
3076
25142
18243
11447
19591
19986
2286
22702
13564
10586
29182
2238
7678
4837
12951
3277
27009
19850
24327
31009
7832
6249
15313
9108
25922
22422
31309
28065
9279
18454
19229
31165
27940
24974
17697
7902
3946
12442
24556
1391
26869
27224
28445
25000
28324
4640
12485
3324
5773
2836
28039
29541
29011
198
22931
27535
13241
26492
4216
29439
21029
32580
19005
10284
26671
6624
27452
18573
21111
13103
1329
4663
24283
32445
27360
16546
22852
15539
14026
7070
16668
6125
31804
25855
10301
17179
17229
101
30733
9087
30524
3636
7688
9157
25403
18173
11769
14757
8282
32383
19252
23831
8626
24050
22257
32136
27783
17035
19347
14342
15117
3941
26680
17396
28254
27790
6476
27126
16079
10857
3293
3770
24148
31785
26710
2729
4066
20718
18572
7427
26430
14804
16009
11364
25097
20589
21017
27053
1692
7372
12683
23824
29712
19549
6628
28312
27253
20244
12376
364
29314
20946
24387
11591
14103
25191
29241
6131
31777
25540
3168
7119
28086
319
1520
2033
4754
18996
7931
10047
6527
7434
13764
27630
24007
16012
32693
24299
9234
22156
10458
1256
8410
31357
22330
13494
14529
9630
14697
16684
19371
32206
32302
11056
5355
25644
6736
10158
6965
26611
14675
7665
25652
18092
19101
16252
26881
27598
16941
7022
3837
7418
8071
24586
28449
5591
29048
1695
19343
17984
11217
26155
14400
9477
30751
26809
29939
11713
3245
20937
1204
31215
29372
7150
25961
28313
6476
26169
15078
21518
31442
9665
11872
11549
20091
8841
29999
623
19185
7636
24540
28820
3858
31003
936
11066
3909
10638
13374
28652
28755
3890
15176
1957
31674
6551
7207
191
4905
32251
8975
17109
19075
26932
24031
5572
30715
8825
14306
24301
21205
10216
29884
3119
31735
5506
18603
22374
724
17527
80
5762
21785
1735
10307
211
16460
23707
22362
28557
7318
20480
27336
